Sermones 3199115997 complures non determinati.

Angh'oe: 2527.

Belgioe: 59. 15. 33. 103. 113. 331.

Danice: 1928.

(98111062 905. 1566. 1938. 1971. 1979. 9051. 9593.

Germanice: 1305. 2131. 2723.

Hispaniae: 1179.

16611013Ξ XXXV, 114- N. 374. 595. 644. 650. 736. 791. 1089. 1593.
9379. 9534.

Latine: 5915. 1491 591. 591. 394. 636. 1133.

Lusitaniae: 11111116.-

Statua S. Bernardi.

9099. 9199. 9135. 9137. 9140. 9141. 9144. 9167. 9196. 9903.-

symbolae ad historiam et opera S. Bernardi specta-ntes.

Anglicae: 9046. 9053. 9076. 9393. 9490. 9501. 9509. 9598. 9735.

Bohemioae: 1466. 2032.

Β311193ε 2702.

Gallicae: 1119919999. - Ν. 1919. 1911. 1151. 1511. 1311. 1313.
1689. 1694. 1699. 1747. 1319. 1831. 1890. 1916. 1948. 1936.
1996. 9000. 9096. 9097. 9035. 9030. 9115. 9113. 9146. 9159.
9933. 9938. 9936. 9316. 9396. 9330. 9336. 9333. 9341. 9379.
9409. 9410. 9413. 9415. 9440. 9445. 9459. 9453. 9464. 9468.
9477. 9599. 9596. 9539. 9540. 9546. 9560. 9573. 9580. 9604.
9611. 9615. 9616. 9618. 9639. 9633. 9636. 9639. 9640. 9646.
9649. 9650. 9655. 9679. 9675. 9676. 9673. 9685. 9700. 9713.
9790. 9796. 9759. 9756.

Germanicae: 1126. 1360. 1883. 1891. 1892. 1900. 1906. 1915.
1993. 1930. 9003. 9040. 9033. 9109. 9119. 9391. 9369. 9363.
9395. 9419. 9434. 9449-9444. 9447. 9449. 9453. 9479. 9508.
9511. 9513. 9516. 9537. 9555. 9570. 9571. 9577. 9589. 9535.
9599. 9600. 9609. 9606. 9608. 9614. 9690. 9697. 9635. 9638.
9641. 9651-9654. 9653. 9659. 9663. 9666. 9663. 9674. 9691.
9698. 9699. 9709. 9711. 9795. 9730.

Hispanieae: 1662. 1796. 2386. 2689.

Hoflandieae: 2275. 9759. ’

Hungarica: 2631.

Italicae: 1397. 9035. 9973. 9630. 9701. 9713. 9755.

Latinae: xxm, 1. 2, 1111913, xxv, 31. 1111113437. 1111111110. xxvnl,
51. 111111, 12. 73. xxm, 33. xxx11,86. 1111119195.11111111,100.11111119,
199. 11191, 119. 193. - N. 913. 913. 1999. 1031. 1054. 1199.
1115. 1931. 1937. 1387. 1435. 1447. 1461. 1489. 1511. 1518.
1530. 1565. 1579. 1576. 1604. 1669. 1795. 1361. 1995. 1947.
9105. 9995. 9945. 9309. 9519. 9558. 9695. 9696. 9665. 9670.
9733.

Lusitana: 1897.

Vitae S. 3911191111 (editionibus iteratis et versionibus adjunctis).
1. Majores.

Anglioae: 9071. 9368. 9450. 9495. 9553. 9657.

 

