Q

Gallicae: 1349. 1394. 1483. 2039. 2055. 2056. 2070. 2072. 2092.
2093. 2217. 2151. 2212. 2232. 2283. 2506. 2529. 2644. 2707.
2714. 2721. 2739.

Germanicae: 1376. 1950. 1999. 2094. 2096. 2097. 2107. 2116.
2130. 2399. 2400. 2688. 2728.

Η10 01100οε 750. 751. 2729.

Ηο110111110οοε 2171.

Italicae: 890. 895. 972. 1084. 1562. 1608. 2073. 2095. 2530. 2629.

Latinae: 1111710126, - N. 752. 1177. 1232. 1648.

2. Minores.

Anglicae: 961. 2276. 2380. 2722.

Belgicae: 1060. 1075.

Bohemica: 1200.

Gallicae: xxvi1‚43. -N. 332. 423. 429. 749. 769. 1041. 1049.
1094. 1130. 1207. 1238. 1273. 1914. 1924. 1945. 1988. 2019.
2020. 2023. 2047. 2062. 2081. 2157. 2168. 2187. 2195. 2207.
2223. 2224. 2241. 2249. 2269. 2272. 2290. 2294. 2295. 2300.
2312. 2320. 2329. 2337. 2344. 2356. 2365. 2375. 2391. 2392.
2398. 2405. 2455. 2456. 2470. 2471. 2436. 2502. 2503. 2514.
2519. 2535. 2537. 2602. 2634.

Germanicae: 860? 1225. 1367. 1380? 1381. 1631. 2158. 2193. 2265.

Hispanlcae: XXXVII, lae-N. 713. 734. 1179. 1253. 1667. 1794.

Hcllandica: 2976.

Italicae: xxv111,50. —N. 700. 716. 701702. 1310. 1010. 1090.
1919. 2063. 2089. 2127. 2643.

Latinae: 111111, - N. 684. 935. 956. 1021. 1028. 1074. 1093.
1146. 1373? 1507. 1373.

Lusitana: 493.

3. Breves (sive seorsum 0111100, sivein encyclopaediie‚ legen·
dariia menologiis etc. obviae).

Angllcae: 1879. 2214. 2517.

Belgica: 391.

Dacica: 2351.

Gallicae: 1077. 1270. 1338.1389.1401.1418. 1438. 14851309.
1955. 1931. 1993. 2004. 2084. 2366. 2439. 2500. 2507. 2542.
2554. 2583. 2671. 2761.

Germanicae: xxwste. xxxi·‚lll.-N. 13. 25. 26. 38. 41. 49.
59. 66. 32. 39. 99. 100. 103. 117. 155. 222. 696. 715. 1086.
1233. 1365. 1515. 1522. 1523. 1552. 1737. 1902. 1913. 2123.
2145. 2238. 2302. 2322. 2324. 2347. 2465. 2434. 2533. 2610.
2724. 2744.

Η10 0110οι 11111134. - N. 774.

’ Ηο11011110οε 2396.

Hungaricae: 1601. 2098.

Italicae: 1111111,5.-Ν. 1910. 1963. 2303. 2622. 2697. 2705.

Latinae: 11111, 58. 111117, 109. - 46. 589. 605. 614. 722. 753. 374.
954. 1078. 1149. 1174. 1212. 1334. 1366. 1459. 1612. 1659.
1335. 2126. 2556.

 

