198. ,

Panegyrici sermoneS, elogia 116νί6, preces ad S. Bernardum cre-
tioncs dc co: quaecumque in Divi laudem ct honorem 6171616666
scripta eive impressa.

Anglice: 2533. 2747.

Belgica: 933.

Bohemice: 1200. 1434. 1471. 1488. 1492. 1529. 1599. 1664.
1665. 1710.

Gallice: 1111111126. — N. 950. 1076. 1221. 1249. 1215. 1303.
1341. 1449. 1451. 1500. 1527. 1557. 1568. 1584. 1598. 1635.
1687. 1703. 1707. 1785. 1811. 1959. 2009. 2010. 2012. 2017.
2029. 2052. 2191. 2261. 2521. 2545. 2566. 2592. 5596. 2648.
2681. 2694. 2736. 2738.

Germanice: 1111, 56, 5161, 111111,96,-Ν.1085. 1140. 1162. 1259.
1266. 1282. 1291. 1298. 1335. 1337. 1339. 1363. 1406. 1407.
1416. 1417. 1419. 1424. 1425. 1427. 1428. 1440. 1443. 1446.
1448. 1450. 1453. 1454. 1458. 1472. 1478. 1475. 1477. 1482.
1431. 1495. 1497. 1508. 1509. 1518. 1514. 1528. 1534. 1537.
1538. 1539. 1546. 1547. 1549. 1551. 1555. 1558. 1559. 1560.
1564. 1567. 1571. 1577. 1586. 1587. 1591, 1592. 1597. 1608.
1607. 1614. 1617. 1619. 1622. 1625-1628. 1680. 1634. 1638.
1644-1647. 1651. 1652. 1656. 1660. 1661. 1668. 1679. 1682.
1685. 1701. 1702. 1708. 1716. 1722. 1724. 1730. 1733. 1785.
1736. 1733. 1748-1745. 1751. 1754. 1756. 1759-1761. 1764.
1765. 1769. 1778. 1773-1781. 1784. 1787. 1789. 1790. 1795.
1798. 1810. 1812. 1818. 1825. 1881. 1834. 1837-1841. 1846.
1853. 1855-1858. 1868. 1866. 1867. 1871. 1899. 1986. 1939.
1941. 1949. 2016. 2025. 2087. 2118. 2161. 2185. 2194. 2230.
2280. 2291. 2417. 2475. 2478. 2619. 2642. 2715. 2737. 2743.
2748. 2751.

Hispaniae: xxvi, 33. xxv111‚53. xxxi, 80, 11111112.- N. 112.
808. 824. 857. 1118. 1280. 1294. 1811. 1314-1319. 1821.
1828. 1329. 1370. 1408. 1413. 1501. 1535. 1553. 1588. 1620.
1696. 1700. 1711. 1763. 1828. 1836. 1865.

Hungarice: 1111, 15. — N. 1826. 1868. 1926. 2031. 2448.

Italice: 11111, 92. 111ν,111. - N. 942. 996. 1105. 1468. 1616.
1870. 1982. 2006. 2050. 2058. 2205. 2434. 2734.

Latine: 11111, 3. 1111, 66. 66. 111, 61170, 1111, 61, 11111, 00, 11111,
105, 11116110, - Ν. 18. 19. 22-24. 21-29. 42. 43. 51. 11.
78. 74. 102. 109. 110. 160. 161. 175. 358. 475. 488. 609. 693.
698. 718. 759. 809. 812. 840. 843. 848. 875. 919. 922. 950
980. 1027. 1035. 1044. 1057. 1078. 1108. 1115. 1127. 1187.
1145. 1146. 1156. 1175. 1131. 1196. 1211. 1217. 1296. 1330.

- 1339. 1405. 1469. 1490. 1493. 1516. 1683. 1681. 1983. 1943.
2155.

Lusitaniae: 928. 1182. 1853.

Polcnice: 953. 1242. 1517. 1513. 1561. 1578. 1686. 1704.

Paelice: belgice 3913 gallice 2014. 2460. 2544. 2131; germanice
6145. 6111, hispanice 116. 1666661666, italice 1666.

 

