--.4⁹⁶ ,,

islandiae: 801.

itali0e3 xxv, 21. 11771742. - N. 441. 487. 564. 587. 618. 637. 673.
679. 702. 727. 796. 894. 984. 991. 1274. 1368. 2173. 2178.
2202. 2696.

Latine: 6. 6. 7. 31. 32. 86. 124. 128. 133. 134. 142. 199. 213.
224. 226. 228. 274-276. 278. 295. 311. 312. 316. 323. 331.
346. 366. 376. 413. 419-421. 436. 474. 477. 482. 490. 603.
531. 637. 545. 670. 601. 637. 682. 696. 701. 766. 796. 803.
813. 817. 830. 847. 869. 876. 877. 886. 914. 921. 949. 967.
968. 962. 968. 979. 982. 988. 1037. 1063. 1069. 10961114.
1322.1377.1384. 1386. 1404. 1437. 1442. 1605. 1670. 1613.
1621. 1664. 1666. 1670. 1712. 1720. 1728. 1768. 1774. 1816.
1908. 1934. 1967. 2216. 2229. 2328. 2360. 2373. 2486. 2606.
2618. 2696.

Lusitaniae: xxx, 68. xxxvii,127. - N. 578.

Sueoice: 2423.

Modus vivendi, ad Sororem.

Angliea: 499. 746. 963.

Belgica: 551.

Gallice: 238. 410. 431. 909. 1185. 1218. 1269. 1326. 14361650.
1888. 2005. 2079. 2136.

Germanice: 655. 739. 781. 906. 907. 2401.

Hispanico: 392. 459. 496. 757. 2262.

Italica: 171. 185. 203. 280. 306. 352. 407. 455. 458. 483. 555.
683. 705. 896. 1209. 1304. 1832. 1504. 1964. 2149.

Latine: 116. 136. 166-158. 200. 248. 307. 308. 342. 382. 406.
773. 907. 931. 1014.

Sueoica: 2423. -

Musica S. Bernardi (et Tractatus (ia illa).

Gallica: 2243. 2311.

Germanica: 2036. 2727.

Latine: 401. 403. 507. 1263. 1271.1278.1287. 1342. 14571480.
1767. 1804.

Musicus cultus S. Bernardi: 1658. -

Opara Omnia (latine).

Antverpiaa: 625. 7417 818. 8367 869. 898. 9452

Basileaa: 532. 5739 578. 16037

Coloniae: 533? 723? 899. 1002. 1153? 1188.

Lugduni: 383? 388. 422. 423. 444? 462. 473. 484. 491. 504.
518? 553? 1056? 1121. 1235. 1292.

Mediolani: 2166.

Parisiis: 350. 379. 402. 436? 452. 476. 486492. 495? 608. 610.

. 526 (z 627). 634. 561. 579. 610. 678. 748. 766. 8077 819. 8367
845? 851? 863. 908. 960. 973. 992 (= 993 == 994: 995). 1008.
1026. 1072. 1088? 1100.1154.1155. 1173? 1224. 1306. 1456.
16877 1978. 1987. 2018. 2108. 2217. 2218. 2306. 2361. 2634.

Venetiisz 389ἶ4 463? 615. 619. 654. 588. 620. 661. 672. 724
(= 726). 725. 7357 870. 11277 1471111641. 1692. 1713. 1791.

 

