2⁹8 .

1488. 1409. 1498. 9091; latine: xxw, 10. xxv1, 80. xxxw, 190.-
N. 163. 136. 133. 311. 331. 416. 640. 641. 666. 141. 113. 133.
191ξὲ6 899. 646. 1133. 13661361. 1613. 1334. 3341. 3103.

Planctus B. V. Mariae.
Galliae: 347.

Hispanico: 11111113,

Italico: 1113310. 131336. xxv111,54(poetiaa).- N. 105. 395. 1930.
2150. 2487.

Latina: 8. 9. 18. 91. 99. 34. 36. 113. 118. 133. 133. 194. 904.
205. 216. 283. 284. 302. 303. 313. 320. 325. 333. 336. 351.
426. 442. 450. 589.-

Ρο313313 0111111031 61331110.

Anglioe: 626. 633. 639. 674. 728. 742. 1862. 1877. 2064. 2327.
2428. 2429. 2432. 2590. 2749.

Bohemi08: 11119111, 66. - N. 1200. 2133. 2303.

Gallice: 188⁶? 245-247. 833. 1300. 2219. 2264. 2576. 2623.
2639. 2645. 2664. 2700. 2741.

03111133133306. 911. 334. 898. 909. 1043. 1033. 1133. 1141.
1178. 1208. 1272. 1305. 1420. 1882. 1887. 1894.1895.1904.
1921. 1974. 2042. 2049. 2059. 2143. 2221. 2340. 2532. 2552.
2563. 2565. 2567. 2581.

Ηο113311103; 169. 231. 2268.

Hungariee: 9981. 2289. 2387.

1313331031 888. 1309. ,

Italico: 138. 272. 368. 602. 975. 2377. 2378. 2406. 2473. 2660.

Latine: xxx, 11. - N. 6. 11. 131. 330. 344. 363. 366. 363. 311.
287. 300. 312. 327. 408. 409. 524. 683. 761. 765. 794. 828.
852. 880. 888. 897. 920. 952. 965. 971. 1005. 1013. 1096. 1109.
1129. 1148. 1208. 1243. 1300. 1305. 1388. 1489. 1496. 1554.
1882. 1956. 2048. 2059. 2061. 2067. 2209. 2226. 2397. 2420.
2438. 2492. 2552. 2576. 2692. 2746.

Lusitanioez 380.

polonice: 944. 1850. 1851. 2164. 2374.

Sinice: 1111111,4. -·

Suecice: 2358.

Paraphrases: gallica 850?; germanica 18113 italica 1726; 13-
11333 737. 740. 745. 1922.
Poemata melica exscripta: 755. 784. 793. 798. 904. 1110. 2391.

2754.

(Vid. „Carmen paraeneticum ad Rainaldum“ et „Flore-
111311).-
Ρ33113111113 Β. 7. Mariae.
Belgice: 130. 227. 424. 432. 500.
Latmo: 195. 445. 590. 594. 797. 811.-
11311 uiae S. Barnardi.

Re'quiae universae 33 praesertim Ossa: 1115. 2111. 2142.

3336. 3401. 3634. 3643. 3613. 3013. Biblia: 9005. 9080.

82*

 

