- ,412-

118110θί 2083. 2110. 2125. 2150. 2153. 2169. 2325. 2349.

Latine: 148. 166. 170. 180. 181. 385. 497. 710. 826. 858. 855.
864. 868. 889. 911. 1004. 1106. 1112. 11431147. 11931268.
1476. 1489. 1864. 1929. 1989. 2114. 2236. 2335. 2575. 2669.

8. 81991ιὶ99.
Ι. 3ρί19191999 sesto Oomeptionis B. V. Mariae. 7199191149 de eadem.

0911991 2810.

Latine: 1111119997. 1111111992, 1111111994. - N. 47. 91. 112. 212.
234. 235. 259. 269. 304. 372. 396. 932. 934. 11241142. 1146.
1166. 13431548. 1666. 1697. 1698. 1801. 2228. 2248. 2251.

Π. Epistola de Oura rei familiaris 911 Raimundum.

Anglioez 419. 2482.

Danice: 916. 1928.

Gallice: 1111191,- N. 99. 199. 291-299. 292. 299. 491. 499.
577. 645. 648.

Germanice: 104. 145. 361. 535. 557. 593. 613. 699. 941.

His anicet 369. 466. 590. 540. 2148. 2969.

Η911911111991 169. 184. 2418.

Italico: 12. 367. 2038. 2134. 2139. 2153. 2163. 2180. 2188. 2208.
2232. 2259. 2407, 2408. 2637.

Latine: 5. 17. 197. 202. 290. 318. 331. 335. 348. 354. 356. 376.
377. 393. 397. 799. 1575. 1799.

8919111991 84.

811801οθ2 697. 881. 1262. 2423.

IV. 11911999931191919999999199. .

Anglice: 426. 494. 499-411. 419. 499. 911. 999. 1999. 2266.

Gallice: 854. 1108. 1524. 1590. 1695. 1875.

Hispanico: 525. 530. 546. 680. 110. 862. 1805. 2148.

11811082 509. 562. 566. 603. 621. 627. 635. 882. 1782. 18071817.
1860, 1962. 2063. 2255. 2367. 2660.

Latine: 375. 399. 521. 543. 581. 835. 1117. 1128. 1239. 1256.
1281. 1345. 1456. 1479. 1543. 2246. 2543. 2579. 2597.

Ρ919111991 1847. 1848.

De Familia (1) 91 Loco natali S. 3911191111 (ΙΙ).

I. Gallice: xxvn, 45 (poetice),-N. 966. 1909. 1911. 2569.

Hungariee: 2805.

11911991 1901.

Latine: 525. 646. 1079. 1111.1115. 1284. 1295.1398.1594.1671.

Π. Gallice: 906. 923. 964.1077.1776.1793.1911. 2411. 2459.
2531. 2592. 2594. 2605. 2647, 2656. 2673. 2740.

Germaniee: 2150.

Latine: 902. 9261 1911191999119911 185. -

Floras.
Latine: 14. 65. 221. 314. 315. 411. 457. 502. 543. 568. 569.
11191999919911, anglice: 2469.

 

