495

999. 1000. 1183. 1258. 1429. 1452. 1536. 1556. 1039. 1714.
1740. 1742. 1746. 1749. 1854. 1893. 1917. 1958. 1965. 1973.
1963. 1984. 1992. 2104. 2129. 2282. 2301. 2318. 2350. 2370.
2436. 2461. 2463. 2467. 2480. 2488. 2491. 2493. 2515. 2548.
2588. 2609. 2628„ 2662. 2704. 2758.

His anino: 2211. 2270.

Holiandioe: 960.

Islandicez 1091. 1288.

Italico: xxvui, 62. xxxv1‚118. 122. - N. 166. 438. 613. 516. 541.

- 662. 665. 667. 1236. 1392. 146016491718. 1344. 1985. 2002.

2022. 2559. 2679.

11061101 11119166.111911,41,11119111,49, x11111,64. xxx, 69. 10. 111111,
1119.xxxi1,66.96.xxxi11,106.-N. 40. 11. 111. 119. 661. 416.
434. 522. 528. 538. 559. 575. 582. 597. 599. 615. 631. 641.

653.689.706.707.730.743.780.786.800.823.841.844
392.910.951.978.989.1016.1017.1036.1045.1067.1097
1099.1120.1129.1131.1134.1135.1157.1159.1163.1164.
1172.1197.1202.1206.1215.1219.1222.1229.1240.1276
1230.134Ο.1354.1359.1376.1382.1433.1439.1444.1525
1530-1533.1540.1580.1640.1741.1814.2015.2234.2562.

2710.

Latine (poeti00): 732. 924. 940. 947.

1106116110οε 1466.

Ρο1011100; 1632. 2250. 2319. 2427.

Saxoniee: 12. 572. 592. 661. 700. 712. 719. 720. 777. 831. 929.

Sueeice: 666. 694. 917. 1009. 1277. -

1116617111 viri de S. Bernardo ejusque operibus.

Anglieet 2220.

Gallice: 1946. 1646. 14621666. 1610. 1664.1690.1106.1166.
1757. 1762. 1768. 1845. 1878. 1920. 1938. 1972. 2001. 2024.
2160. 2182. 2210. 2277. 2292. 2297. 2307. 2557.

Germanice: 1646. 1709. 1731. 1931. 1935. 2147. 2221. 2568. 2586.

Hispanico: 1792.

Italico: 1391. 1723. 1727. 2197.

Latine: 461. 629. 614. 666. 610. 626. 629. 966. 961. 1026. 1042.

1055. 1069. 1096. 1113. 1160. 1176. 1184. 1227. 1228. 1233.

1264. 1281. 1297. 1307. 1324. 1358. 1379. 1396. 1409. 1426.

1445. 1464. 1470. 1474. 1494. 1520. 1542. 1583. 1606. 1609.

1618. 1772. 1777. 1802. 1918. 1975. 2054. 2281. 2621.-

meditationes.

Anglice: 191. 448. 494. 1378. 1393. 1411.

Belgica: xxv, 22. xxxui, 102. - N. 612. 614. 666. 616. 1029.
1190. 1205.

Dani09: 977.

Gallice: 11191, 121. - N. 211. 601. 661. 129. 111. 664. 666. 946.
1001. 1966. 2206. 2296. 2334. 2574.

Germanice: 646. 649. 666. 692. 2045. 2634.

Hungaricez 1061. 1422.

 

